613
601
606
601
607
606
608
609
617
624
622
621
609
609
608
607
295
308
597
261
303
643
605
600
604
603
597
598
760
437
591
586
590
587
578
573
587
598
607
606
603
600
596
592
292
292
586
589
397
772
584
588
590
593
593
592
596
604
601
588
586
581
580
579
587
595
596
591
593
596
601
608
612
614
616
605
605
603
605
603
601
597
598
600
607
602
602
611
604
602
599
601
598
595
591
590
593
595
591
585
587
580
578
577
583
583
582
579
575
575
581
580
581
579
575
574
574
573
572
572
567
565
569
561
566
564
569
572
577
586
576
581
578
574
574
576
570
566
566
570
570
574
584
576
576
576
573
572
572
574
577
576
580
584
581
580
583
585
584
583
587
591
595
598
594
592
589
592
593
589
586
589
594
592
586
595
601
599
591
591
588
587
587
590
588
596
592
591
596
600
601
598
599
595
596
287
309
597
588
591
587
585
338
246
585
583
580
574
579
247
543
357
568
566
566
567
570
574
579
580
579
579
577
576
577
579
578
575
582
583
582
590
590
593
593
590
584
584
585
586
586
585
586
588
588
583
581
583
590
586
588
590
587
590
585
583
581
581
581
584
582
582
585
586
580
326
255
577
577
576
575
582
584
588
587
587
589
587
585
581
586
591
588
583
585
587
590
588
587
593
601
594
589
585
583
584
584
577
580
581
580
575
576
579
575
573
571
573
574
571
569
569
569
566
565
567
565
562
563
562
565
567
565
567
567
565
564
565
567
568
570
565
566
566
568
568
567
575
578
573
572
573
571
568
567
566
568
569
568
569
567
570
568
565
565
568
565
566
568
567
561
559
560
556
556
556
554
557
557
552
552
551
552
552
551
549
551
551
549
548
548
552
554
558
561
561
563
565
565
561
563
567
569
570
568
570
573
571
568
567
567
569
568
567
568
571
575
569
566
565
571
572
571
569
565
574
573
571
568
568
573
574
569
565
569
567
564
563
563
564
567
565
563
561
560
564
559
556
561
562
561
558
558
558
561
560
556
559
556
557
551
552
552
553
553
548
548
548
553
552
551
550
551
551
548
546
549
548
548
550
549
550
553
550
548
548
551
550
551
552
546
541
542
544
544
542
542
540
543
546
546
544
548
547
545
544
548
550
552
554
551
555
555
550
546
545
545
550
550
553
552
553
552
554
560
555
552
553
553
557
558
557
556
555
557
556
557
556
556
561
561
562
561
564
568
570
573
568
572
575
571
568
565
565
568
573
566
565
569
572
571
569
624
509
562
559
561
559
559
557
555
559
556
561
557
560
564
568
561
558
557
561
560
559
566
562
565
569
567
567
566
566
564
562
562
561
558
560
560
563
565
563
559
559
558
559
560
560
561
561
556
558
558
561
562
558
558
555
558
558
554
553
552
552
551
548
548
547
546
546
545
547
547
550
544
547
547
549
552
552
549
550
552
551
552
549
551
551
551
552
550
552
555
554
549
548
550
551
550
548
546
550
550
551
547
547
546
547
548
548
547
547
548
549
548
547
547
548
545
544
542
543
545
545
547
547
546
550
549
547
547
549
547
537
546
542
545
543
544
545
543
542
540
543
543
541
540
541
544
546
548
554
556
555
556
553
559
558
558
556
555
554
560
556
553
550
549
552
551
553
549
548
547
548
550
550
549
549
549
552
551
557
560
561
567
562
563
565
563
559
560
561
561
558
555
246
301
555
558
559
556
554
551
551
549
550
549
546
544
546
544
441
257
577
356
727
363
540
543
275
273
732
367
549
548
548
553
552
554
549
555
555
341
761
553
556
550
548
550
555
556
552
552
553
553
552
550
549
558
555
555
553
555
553
557
555
553
555
558
555
556
557
555
556
557
559
559
555
552
548
551
559
561
562
558
556
557
562
559
553
551
551
555
551
550
547
548
548
546
542
279
266
540
542
539
540
542
543
545
544
543
543
544
551
553
555
552
551
554
562
561
318
240
556
552
553
554
551
551
557
556
553
553
552
550
552
548
549
549
550
551
553
552
549
550
551
549
549
549
549
553
553
551
552
555
553
552
549
551
552
551
548
548
550
551
550
548
551
550
550
549
547
552
555
553
554
553
554
553
551
549
548
551
553
550
547
550
550
551
546
545
545
545
546
544
541
542
543
543
540
537
538
542
542
539
539
539
539
542
537
535
536
539
540
538
539
538
542
542
540
538
540
536
535
538
538
541
542
541
543
544
546
548
548
546
547
548
547
543
542
542
543
542
541
538
540
543
540
537
538
539
537
534
532
533
533
528
528
529
530
530
527
528
526
528
525
524
525
526
527
527
526
528
531
530
530
528
530
530
528
527
527
526
530
531
531
530
527
529
529
525
525
527
528
529
528
526
530
531
385
672
527
531
528
529
530
531
537
535
539
535
538
540
538
534
534
535
536
536
532
532
535
533
530
530
527
529
528
530
530
531
529
536
537
540
543
543
539
538
541
543
542
544
542
545
541
540
539
542
542
539
539
539
541
542
539
540
540
543
544
545
618
468
546
542
538
536
540
535
539
539
538
540
542
544
541
542
546
545
547
543
545
550
552
552
550
551
551
553
549
548
548
549
551
546
545
548
546
546
545
547
551
552
551
548
547
549
550
547
548
549
552
553
552
547
545
546
546
543
546
550
549
549
548
548
546
543
542
544
545
545
544
541
543
547
545
541
541
544
545
543
540
542
545
545
544
539
539
540
534
537
430
302
331
533
531
530
533
535
535
537
536
541
540
538
537
539
544
544
542
540
543
545
545
545
541
545
545
547
545
543
544
544
540
537
537
533
532
528
531
529
532
533
535
535
533
534
534
533
535
534
536
536
539
540
543
543
542
544
543
540
539
545
545
546
544
547
549
547
548
548
546
548
547
549
548
547
545
547
545
541
539
541
542
543
546
544
542
542
537
538
535
535
535
535
535
536
540
542
540
542
540
544
545
544
542
542
543
543
541
543
543
546
541
357
320
395
527
530
527
530
530
527
527
526
528
527
527
524
524
526
526
526
526
524
527
529
532
533
533
534
532
539
539
543
542
542
546
548
549
549
548
546
547
273
271
535
538
536
537
537
543
543
546
548
552
556
564
562
559
556
550
547
548
550
549
551
549
550
546
541
535
532
533
533
534
535
534
536
534
533
535
535
535
533
531
532
531
531
528
530
531
534
532
529
535
441
626
528
529
532
535
538
537
536
538
543
543
545
542
541
545
548
548
547
545
547
545
545
541
542
542
544
543
539
540
540
542
535
531
533
532
524
524
526
526
527
525
524
524
525
524
521
520
521
522
522
521
520
518
521
523
524
523
524
528
526
526
527
528
528
530
529
526
527
529
531
533
529
528
529
529
531
531
529
532
533
538
532
532
532
531
535
531
534
530
528
527
530
531
535
758
311
531
530
533
532
529
532
531
534
530
528
530
530
528
528
528
530
530
528
530
530
529
527
528
527
526
525
526
527
525
524
527
528
527
525
524
525
526
527
527
530
534
530
530
531
532
537
534
531
532
532
534
533
532
531
531
534
536
532
533
535
537
536
531
532
529
533
532
531
529
528
530
529
528
524
526
526
529
528
525
525
525
527
527
525
524
525
529
527
527
528
529
533
532
531
529
531
535
533
534
535
537
535
536
535
536
540
537
538
536
536
539
542
539
535
534
534
534
530
531
532
532
533
532
534
532
534
533
533
530
530
533
531
532
531
529
532
535
531
530
530
532
532
528
529
528
529
529
528
527
532
531
531
529
529
533
536
529
532
533
535
536
537
536
535
537
535
537
534
538
539
537
535
535
536
535
532
532
534
537
535
536
534
538
538
533
533
535
538
539
536
538
538
538
538
536
537
536
538
543
541
544
545
547
542
543
540
542
539
536
537
537
537
536
533
533
537
538
537
538
538
542
541
538
542
541
542
539
540
540
538
540
537
540
542
543
545
543
543
543
543
544
544
543
542
539
537
539
540
539
540
540
539
543
540
540
540
543
541
540
540
539
540
540
538
540
538
537
533
535
533
537
541
538
538
540
544
542
542
540
539
545
540
541
547
546
545
542
543
544
544
543
543
541
544
547
547
551
550
550
548
544
543
542
541
544
543
543
546
543
543
542
543
538
538
540
542
539
539
540
540
541
538
538
539
540
537
535
536
537
535
533
531
532
532
537
533
533
538
536
534
530
532
528
529
527
526
526
528
530
528
525
528
528
529
527
528
530
530
529
529
528
528
531
528
527
529
528
532
530
529
528
528
529
527
527
527
527
527
527
526
526
526
527
525
524
525
525
528
528
525
526
527
526
525
525
527
526
526
524
526
526
526
524
525
526
522
523
524
523
526
526
525
523
522
524
524
523
521
521
521
519
520
517
519
519
518
517
518
516
518
515
516
516
515
512
513
511
512
513
512
512
512
516
515
516
515
516
516
518
519
516
518
519
519
516
516
517
518
518
515
515
514
514
513
511
509
511
511
511
508
506
508
508
507
505
501
497
500
506
504
503
505
502
505
502
503
504
502
503
502
502
501
501
501
503
504
505
507
507
508
509
508
508
515
508
509
511
510
511
512
514
512
512
513
514
514
513
514
514
516
510
511
510
512
513
510
511
510
513
515
512
507
510
509
512
516
517
516
516
516
517
517
517
517
517
519
518
513
513
514
513
510
511
509
509
511
510
508
508
508
509
507
504
504
508
510
505
506
508
509
508
505
508
508
510
508
508
510
510
511
508
510
509
514
514
513
510
511
510
511
511
510
512
511
512
512
512
513
516
516
515
514
513
512
510
509
511
512
511
510
509
512
514
512
511
511
512
511
511
508
508
508
508
505
507
506
507
507
507
507
508
508
504
504
504
504
504
501
501
503
502
500
501
501
500
496
497
498
495
495
496
497
498
496
496
499
499
500
499
501
503
503
502
505
497
502
502
503
502
503
503
502
503
501
502
504
506
504
503
501
504
505
504
501
502
500
502
500
502
500
499
500
501
500
499
498
501
499
500
499
498
500
501
499
496
496
496
497
496
495
496
496
497
496
496
496
497
497
497
495
496
497
498
497
499
496
498
499
499
496
496
496
499
498
498
496
501
500
497
494
498
497
498
498
497
497
497
499
499
498
497
496
498
498
496
495
495
497
498
499
500
499
500
502
502
500
500
499
500
500
497
497
498
499
495
494
495
499
660
326
491
495
494
494
495
496
497
499
498
497
499
501
501
501
501
503
505
505
506
508
509
509
508
508
509
513
511
508
510
507
501
504
509
508
507
508
508
506
507
509
508
507
503
505
508
508
509
506
507
505
508
507
507
508
508
509
509
509
510
507
509
507
511
510
508
508
508
513
514
513
512
513
513
517
514
514
512
512
513
513
510
509
508
508
510
507
505
506
506
507
506
504
505
506
508
508
509
508
509
511
509
508
507
507
507
511
512
512
513
514
515
516
516
514
513
513
515
512
508
509
509
509
510
512
509
508
507
507
509
510
511
509
508
507
507
508
507
508
509
509
513
508
508
506
508
508
508
508
509
512
515
517
516
517
518
518
519
525
522
520
521
523
522
525
522
526
522
520
525
526
526
524
522
522
525
523
521
521
522
520
520
520
520
517
515
521
519
515
516
519
517
517
515
514
516
518
514
514
516
517
517
511
519
515
296
733
506
517
513
518
516
518
524
525
522
524
528
527
528
526
525
530
266
249
524
519
516
515
512
512
521
278
240
522
517
513
514
516
516
515
514
515
516
517
515
513
513
514
514
514
511
513
515
513
510
512
510
515
514
513
514
511
512
512
513
513
512
509
509
510
512
513
513
512
512
513
513
509
508
510
513
510
510
508
510
510
509
509
511
512
513
512
511
512
515
517
518
516
515
518
520
518
519
516
517
517
516
515
514
514
514
515
510
508
508
510
509
508
507
508
509
509
507
509
509
510
511
506
508
509
508
508
508
510
511
509
507
510
512
512
511
510
511
510
510
510
512
510
510
512
512
512
512
510
512
513
512
509
509
511
510
506
505
507
507
510
509
507
510
509
509
506
507
510
511
505
507
506
510
507
507
508
509
512
513
513
511
514
515
514
511
513
514
515
514
514
514
515
517
513
512
513
514
512
512
511
512
513
513
510
509
509
510
511
509
508
510
510
511
510
510
511
513
509
512
512
511
508
508
511
511
510
512
511
512
513
510
509
508
507
513
514
515
515
516
515
515
517
518
520
522
518
517
520
523
521
520
520
517
522
521
522
521
518
519
522
522
524
522
522
524
527
526
527
523
527
526
526
526
524
527
528
527
526
527
527
527
526
526
526
527
529
527
525
524
525
525
524
526
525
526
526
522
521
522
519
522
524
524
524
529
527
527
527
526
527
525
522
524
523
525
524
521
522
522
525
522
525
526
530
529
528
533
537
534
533
535
537
538
535
535
537
538
538
538
536
537
538
534
535
538
536
538
536
535
534
535
535
531
531
535
536
537
534
534
538
535
532
531
530
532
529
531
533
532
535
531
530
530
532
530
529
527
529
527
527
527
527
529
529
527
529
529
530
530
529
528
530
535
533
533
530
533
533
537
534
537
537
539
539
537
538
536
539
536
535
535
536
538
535
535
535
538
534
536
535
539
536
535
533
535
535
534
533
532
532
533
533
532
533
535
533
532
533
533
534
532
531
531
533
535
533
533
533
535
534
531
530
534
530
533
533
534
533
536
533
533
533
533
532
529
528
529
527
529
528
527
527
528
527
526
529
528
528
526
525
525
525
524
521
520
518
519
518
516
515
513
514
513
511
511
509
508
508
508
505
505
503
503
503
501
501
499
499
499
499
498
498
497
498
498
498
498
497
497
497
499
498
500
499
497
498
499
500
500
496
501
496
498
496
492
496
497
497
497
498
498
498
496
498
499
499
497
497
498
499
498
497
496
498
499
500
498
498
500
500
499
497
494
492
497
501
501
500
497
498
497
496
497
498
498
498
496
496
497
497
495
494
493
496
494
495
495
495
496
496
497
499
500
498
501
501
502
501
497
502
499
501
503
501
502
503
504
501
503
503
505
504
504
503
505
504
503
502
501
502
500
498
498
497
498
498
497
496
497
496
496
495
494
493
494
494
491
492
492
493
494
492
492
493
493
493
491
491
494
493
493
493
493
494
492
493
495
494
496
494
496
496
496
497
496
498
500
499
497
498
499
499
495
495
496
498
496
497
495
494
497
498
496
493
495
497
495
496
496
494
496
497
496
496
496
494
496
497
498
499
499
501
502
503
505
502
503
505
506
506
505
504
506
507
506
504
505
505
508
503
504
505
503
507
506
506
506
508
509
510
509
509
510
510
509
509
510
510
509
508
507
505
507
507
506
505
505
506
507
504
504
505
506
506
504
502
504
505
504
505
503
502
499
502
502
503
504
503
505
504
503
502
501
503
504
506
506
505
506
508
508
508
508
508
510
508
508
506
509
510
505
507
506
508
504
506
508
508
506
506
507
509
509
507
507
511
512
510
510
510
513
512
514
512
793
749
513
510
512
514
515
516
515
515
515
514
512
510
509
510
511
511
513
513
513
511
513
513
511
509
509
509
509
510
509
507
505
508
507
507
507
507
507
509
510
510
511
510
510
511
513
514
514
515
517
513
516
513
519
518
518
517
512
513
516
516
512
510
509
506
506
506
506
508
506
506
507
509
508
507
506
507
509
512
476
550
515
513
508
514
505
509
511
513
512
511
511
511
512
515
513
516
514
518
519
517
517
516
518
516
517
513
512
515
519
515
515
514
517
518
517
515
517
519
515
514
512
512
512
506
507
507
509
509
509
508
509
509
506
505
503
504
505
502
505
506
504
503
499
503
505
506
506
506
506
507
509
508
506
506
510
510
511
512
509
509
513
512
510
512
512
510
507
511
514
508
510
514
513
511
513
515
513
511
511
512
514
513
513
514
513
515
514
513
513
515
514
508
509
511
509
507
506
508
507
507
506
505
507
506
508
506
504
505
680
328
502
502
621
381
3028
505
508
507
508
510
508
508
508
509
509
505
506
508
509
508
508
509
502
506
513
517
516
517
520
521
522
521
519
513
518
512
514
513
853
1195
2047
514
516
517
519
523
526
524
529
528
529
528
530
530
531
529
528
530
531
529
529
530
525
526
524
528
525
523
524
520
517
516
519
517
519
520
519
518
519
516
517
516
513
516
518
517
565
473
257
468
317
526
526
529
535
542
553
570
569
580
594
605
603
612
627
642
674
678
686
660
637
622
627
626
631
609
610
615
617
606
598
601
607
611
605
605
607
615
611
608
605
611
618
619
611
628
637
634
642
637
634
637
642
631
642
639
641
634
636
643
653
639
630
629
629
640
632
635
636
645
636
631
625
629
631
629
621
621
623
632
630
631
635
636
643
641
636
639
644
651
648
636
645
642
633
623
625
632
631
627
635
651
651
647
645
640
642
642
635
633
631
643
654
653
643
640
640
641
633
630
624
626
628
627
626
627
628
628
628
628
630
635
638
637
635
642
638
636
634
632
633
631
628
628
641
638
634
635
639
635
639
634
642
640
637
634
630
640
635
633
629
634
639
641
634
639
640
636
628
627
627
631
631
632
636
635
635
631
628
628
636
632
631
629
634
638
633
634
633
638
637
632
630
633
636
635
627
632
633
635
631
624
626
626
621
620
629
637
637
634
633
634
640
639
636
638
640
649
647
642
642
638
642
636
638
637
640
638
638
640
644
644
634
636
638
637
632
632
633
639
630
628
627
631
629
627
625
630
632
630
624
627
627
630
627
624
624
628
629
624
625
624
627
626
625
620
626
628
623
621
619
619
613
612
610
612
611
605
604
611
618
618
621
628
630
628
630
633
639
646
641
640
637
638
645
643
644
641
640
641
646
652
650
645
643
645
649
653
651
649
653
651
653
649
648
647
647
656
655
649
652
659
664
657
654
655
660
663
667
660
659
660
660
655
648
648
655
650
650
652
655
653
649
647
652
660
666
656
660
660
661
660
659
657
657
660
661
659
658
657
657
657
652
654
653
657
662
655
654
657
658
653
647
646
647
645
643
636
639
644
649
640
639
642
646
648
649
643
639
641
642
638
634
634
637
641
641
637
638
640
642
643
642
644
650
651
653
651
653
656
659
651
647
641
642
645
642
640
637
639
643
641
636
636
636
639
630
627
627
634
635
634
632
634
637
639
636
636
637
638
636
632
631
637
643
645
647
646
645
644
642
649
646
647
641
642
641
642
647
649
646
643
642
646
645
646
640
641
640
644
644
640
640
643
647
649
644
645
646
648
644
643
644
645
647
645
645
653
652
651
651
647
650
650
646
645
644
642
649
645
642
640
640
644
643
640
641
641
641
645
640
638
634
637
638
637
635
638
641
645
646
647
642
645
646
654
648
647
648
651
654
654
652
650
651
653
650
646
643
642
647
651
649
648
646
649
656
652
657
659
665
669
672
664
658
661
663
666
663
656
655
653
658
652
654
651
648
648
650
658
664
659
665
669
661
658
654
657
656
655
650
652
657
653
651
647
650
654
654
648
644
643
646
645
646
642
647
649
650
651
647
647
645
644
649
647
646
646
648
649
650
649
647
647
648
646
643
644
648
647
644
643
646
645
647
652
649
645
650
652
654
654
653
660
657
657
652
646
645
648
646
643
645
647
645
648
646
642
646
649
649
645
644
644
643
644
640
638
642
645
645
640
640
643
645
644
639
640
640
643
639
638
647
651
651
648
645
643
645
645
643
643
646
648
657
659
659
656
650
650
647
644
649
651
652
645
646
648
644
637
634
627
630
634
643
656
664
659
657
664
663
664
657
657
659
656
652
649
651
653
653
653
650
654
654
651
649
648
651
655
655
651
648
648
649
651
650
650
652
652
653
651
651
647
647
649
649
647
643
646
649
649
648
644
643
645
644
640
640
641
640
644
644
646
646
650
651
648
645
644
649
653
645
643
643
647
646
649
649
649
644
645
645
647
641
642
641
643
643
643
643
648
651
649
644
646
645
649
644
640
642
643
639
639
641
645
647
646
643
639
641
644
642
637
638
641
638
637
635
636
638
637
637
638
637
638
638
636
640
637
640
642
641
641
640
642
641
644
646
643
640
638
641
638
634
634
635
637
635
636
634
637
639
644
643
639
636
639
642
643
641
646
649
652
650
647
645
643
645
648
652
650
646
645
652
651
644
645
644
646
649
650
647
646
649
651
647
647
644
646
649
649
643
644
643
647
645
646
643
642
644
647
644
642
643
646
646
643
642
642
645
650
642
638
635
639
640
640
639
642
645
645
646
646
646
649
653
651
648
647
650
656
658
654
651
655
656
653
653
651
653
654
657
652
650
650
651
650
650
649
646
645
649
649
648
650
648
650
650
646
650
652
652
650
648
647
648
648
644
641
642
643
645
640
639
640
642
643
639
640
638
643
643
641
642
642
647
652
645
645
643
648
647
642
641
641
643
642
642
640
642
643
644
642
642
647
648
646
649
653
652
653
650
645
645
649
649
644
640
638
640
643
634
632
633
638
638
639
640
638
639
642
642
643
641
646
647
642
639
637
639
640
646
646
646
646
650
651
648
644
634
634
639
655
653
660
659
660
661
660
656
659
659
663
658
661
657
655
653
656
655
657
656
655
656
659
659
662
666
663
658
655
657
657
656
658
653
649
647
646
647
648
647
644
642
638
638
645
645
645
643
638
642
642
638
635
633
635
639
640
644
641
639
643
644
644
643
641
642
645
643
641
638
635
641
638
638
635
632
632
632
633
633
634
631
627
626
629
631
634
631
630
630
637
636
633
634
631
636
636
630
628
627
631
629
626
626
626
628
629
629
630
631
630
632
632
629
630
628
630
630
626
624
623
623
623
623
620
621
619
620
620
618
619
619
619
620
616
618
620
627
627
627
627
631
631
622
617
621
624
624
628
630
633
633
632
632
629
629
635
639
640
640
636
636
637
639
635
632
632
637
637
635
634
633
634
639
638
644
645
647
643
640
645
652
650
650
646
646
650
651
648
643
643
642
647
648
646
643
641
645
646
643
641
643
644
644
640
636
637
641
641
635
635
636
638
637
631
631
628
631
635
635
632
631
629
632
633
633
633
632
632
636
637
632
634
641
640
640
635
635
637
639
640
642
640
639
638
638
639
636
634
634
636
639
638
634
635
637
637
634
637
638
641
643
639
635
638
638
639
640
640
638
637
637
638
636
633
632
633
633
632
629
629
628
630
631
626
629
634
635
633
633
632
635
635
632
631
633
632
637
636
636
635
639
639
634
631
634
638
636
636
633
633
637
637
636
637
633
631
628
631
629
631
632
633
631
633
639
638
638
635
634
629
625
623
629
634
633
633
636
638
640
640
645
642
645
647
647
643
641
640
645
644
641
641
638
641
643
644
639
639
637
641
642
640
639
641
646
648
649
644
643
647
649
653
658
655
654
653
658
650
648
652
653
654
652
648
647
649
647
647
646
644
641
644
646
643
640
643
646
644
641
639
640
644
641
641
640
642
640
637
638
642
647
645
642
645
646
651
652
649
649
647
649
648
643
641
641
647
657
658
656
659
657
659
656
655
653
651
659
415
419
1215
433
1283
370
2799
372
547
417
668
321
1704
1007
300
458
377
2832
578
316
383
535
600
445
455
761
595
1181
9129
499
557
33200
1900
1897
20575
1946
2417
1380
695
361
803
1358
1204
376
1663
254
882
1201
258
279
480
9876
543
402
1194
365
321
514
605
523
2327
3672
7363
455
1546
2074
3782
1525
448
1052
1334
323
5817
545
680
3495
479
258
560
1023
2430
991
1088
2851
2101
2726
3639
6241
379
483
1672
4000
9765
17878
22175
7780
8642
421
937
16134
605
340
558
1631
603
336
