944
916
947
959
941
968
975
951
976
977
941
939
935
920
906
909
889
876
862
849
809
836
874
840
837
848
854
850
866
891
882
900
904
890
889
906
916
877
878
882
861
893
894
887
899
910
905
898
908
932
879
876
903
920
915
935
945
911
935
956
945
915
948
950
908
926
933
902
893
907
862
854
853
852
825
822
780
762
735
710
702
722
760
770
811
846
875
853
881
881
874
828
851
839
811
790
810
837
806
830
863
856
824
843
880
840
844
875
876
840
876
910
912
893
921
915
886
888
894
903
857
848
857
876
831
816
781
784
771
757
789
777
746
803
815
832
808
839
857
841
849
874
906
891
913
928
952
926
936
945
925
873
867
874
842
810
804
822
798
807
815
827
794
791
804
792
810
831
803
788
800
812
801
775
789
791
793
794
805
818
807
794
835
860
881
899
914
926
879
894
899
873
880
899
907
873
885
898
873
890
911
882
891
897
899
879
876
877
847
864
867
876
864
888
902
879
903
895
904
933
972
963
913
906
914
888
888
896
914
862
879
886
899
878
897
897
872
904
909
913
894
882
845
783
762
775
764
809
830
849
840
872
905
867
910
921
901
872
881
871
826
825
821
815
799
822
836
860
844
853
857
837
854
874
859
843
858
877
903
874
886
910
923
896
913
917
920
904
910
917
872
882
881
890
869
876
890
899
894
910
900
888
900
927
923
925
924
914
881
870
864
865
840
859
896
865
874
900
944
910
918
927
917
894
912
907
881
897
920
903
886
904
913
886
869
903
920
874
889
900
909
892
872
818
799
789
803
815
788
816
818
852
822
850
851
787
770
813
839
899
896
888
900
860
869
863
854
853
878
903
875
890
939
943
930
935
925
908
914
915
897
908
914
902
917
933
947
914
930
931
937
906
914
918
912
888
907
910
884
885
869
852
874
891
919
910
915
934
899
908
920
928
899
922
912
879
879
865
857
816
846
855
818
816
829
857
829
854
851
842
827
846
846
827
819
841
851
843
850
866
883
847
872
874
875
854
828
819
796
765
742
751
735
742
750
775
764
783
813
832
806
809
839
852
827
862
891
870
859
874
881
853
875
876
877
846
870
879
888
843
872
882
886
851
874
876
855
851
852
876
830
835
844
836
799
814
814
845
818
830
832
853
829
831
846
834
836
871
866
870
863
844
836
830
833
815
813
804
792
811
822
802
795
826
798
757
738
767
777
845
865
877
869
883
896
870
867
849
825
825
846
858
849
847
864
881
866
887
884
879
869
868
874
865
841
856
861
838
850
846
861
831
838
846
843
826
855
861
859
850
858
874
868
873
879
889
866
877
888
896
886
897
907
883
841
814
832
853
844
869
890
869
879
855
846
843
838
848
824
840
855
863
846
858
866
862
845
853
844
831
823
821
795
796
803
801
785
755
756
768
797
800
806
825
815
855
851
850
840
874
871
836
835
825
835
773
783
788
828
800
812
840
846
825
844
854
866
860
835
834
836
836
828
830
838
821
798
799
822
817
784
822
822
810
810
832
833
815
826
830
820
819
828
823
789
770
738
717
733
779
863
874
871
888
865
878
921
965
928
943
942
900
874
906
929
910
872
876
879
849
860
860
857
846
852
872
859
873
876
872
852
873
898
886
872
850
852
859
843
836
838
832
820
841
860
853
846
841
851
823
846
871
883
870
888
904
907
886
885
893
862
860
887
879
865
862
854
829
829
825
824
795
798
790
783
778
777
809
815
813
849
866
880
832
816
837
822
801
812
801
778
785
781
789
762
790
807
819
848
866
887
879
891
887
895
865
849
786
779
812
813
844
901
901
866
879
903
881
879
846
831
842
830
855
860
903
923
934
959
938
928
951
924
917
926
930
898
904
904
877
869
878
883
844
867
863
877
867
880
904
886
876
902
935
905
919
904
865
864
869
852
832
851
866
854
843
859
889
854
870
874
880
863
894
895
882
889
900
905
884
908
924
897
900
909
893
907
929
914
865
876
865
851
811
824
842
817
811
826
838
805
795
814
826
788
806
833
856
832
849
860
827
839
825
831
851
852
865
888
930
922
910
932
886
808
790
823
798
814
846
839
818
850
844
848
870
851
856
834
806
761
759
767
767
754
736
745
759
746
758
799
815
823
835
815
781
809
851
850
814
861
893
886
900
885
908
929
905
915
928
898
908
915
916
889
895
872
871
873
873
841
861
865
893
855
879
883
913
897
910
910
871
888
926
918
873
880
874
838
867
872
861
855
864
865
847
861
875
881
868
876
882
876
848
859
866
854
854
885
908
893
877
881
894
883
875
883
912
855
856
852
866
830
826
829
841
804
810
811
802
788
808
811
807
753
724
709
743
810
853
882
865
857
868
879
852
834
830
797
750
717
718
741
778
767
831
856
876
868
896
887
856
870
878
856
849
848
851
826
829
806
771
772
783
813
803
822
836
820
813
817
825
829
823
801
822
848
838
849
867
887
864
884
884
865
861
873
862
850
857
878
864
874
870
868
860
869
883
872
866
840
840
798
808
826
817
767
746
734
727
717
741
790
829
801
834
844
839
833
826
791
778
749
731
702
692
710
731
737
786
815
811
858
869
865
862
818
826
824
839
791
806
812
788
793
767
756
735
712
697
685
693
702
740
773
785
785
810
825
839
855
851
856
863
843
842
851
849
822
821
823
818
829
863
874
841
865
864
876
843
842
844
834
822
830
838
813
824
834
847
827
830
846
842
838
850
869
856
839
852
852
815
815
810
786
782
810
832
835
828
849
859
847
873
868
856
839
833
827
808
798
819
836
822
830
849
856
835
845
854
851
821
838
857
864
845
858
852
827
847
849
841
822
835
832
814
801
825
830
829
829
839
847
829
830
851
858
824
847
858
848
829
825
830
819
777
774
789
795
773
807
798
817
818
821
816
801
811
833
854
860
844
860
881
902
877
915
926
911
905
934
930
898
912
941
914
898
943
939
919
943
951
911
917
939
899
891
902
917
873
887
909
906
884
890
905
887
891
891
909
885
907
910
891
885
877
872
841
866
857
835
820
834
858
833
845
849
854
842
837
841
813
784
785
782
769
755
776
800
819
800
833
841
831
817
839
863
840
848
851
851
828
844
836
820
797
828
824
819
817
845
840
819
828
840
818
835
786
737
729
738
741
733
721
725
712
720
741
758
788
752
761
798
800
781
796
783
787
790
795
783
820
809
819
837
834
827
831
821
799
780
783
761
760
759
783
819
806
811
832
838
833
840
837
844
815
828
828
836
825
842
839
835
822
826
839
814
803
816
833
810
801
817
848
817
828
844
847
817
828
849
856
825
850
855
836
839
843
851
836
826
826
822
802
785
796
813
837
824
848
854
848
830
861
880
875
872
896
891
868
880
861
854
835
855
851
834
833
849
865
839
837
840
834
823
847
844
829
822
816
774
734
724
743
730
756
776
783
773
773
775
788
766
771
793
808
793
794
804
825
799
824
828
836
823
841
847
843
834
835
829
817
825
820
837
813
810
818
816
801
818
825
819
814
824
831
818
801
796
799
794
775
789
811
794
781
779
784
771
752
755
757
747
769
781
751
729
712
725
752
739
767
767
779
777
762
776
792
789
762
777
789
774
756
779
804
812
830
845
873
845
858
828
818
795
802
812
808
790
808
812
824
804
800
816
815
791
797
812
796
797
795
757
728
710
733
736
747
755
761
762
750
763
795
798
766
767
760
747
728
736
750
769
780
754
769
771
792
793
807
839
876
894
867
884
888
897
857
865
898
923
886
909
936
917
889
910
947
892
905
913
878
860
875
889
853
850
845
854
828
859
875
904
873
905
959
927
909
926
917
879
881
910
909
871
867
894
926
900
916
921
920
891
900
906
892
893
906
910
886
948
937
900
593
1154
858
844
816
813
816
826
802
835
843
841
838
808
795
812
813
801
796
775
758
741
745
413
346
764
751
765
766
765
747
772
772
776
761
783
796
814
791
797
799
804
795
796
825
832
814
799
782
779
764
774
804
812
809
809
767
741
743
747
748
740
717
719
725
733
754
750
767
780
784
771
787
810
816
828
819
838
855
851
832
806
815
814
796
782
779
784
771
761
791
795
800
779
779
761
730
714
753
763
763
779
806
785
768
781
781
759
784
803
782
805
797
806
789
783
786
798
795
781
761
788
796
780
776
788
783
765
773
775
788
762
794
817
812
801
814
806
790
782
769
775
775
763
734
722
691
672
672
676
682
674
696
707
709
721
711
723
722
722
714
706
683
690
258
436
700
705
726
731
721
723
726
731
741
729
736
731
713
687
684
682
245
422
647
644
658
746
588
988
731
721
699
696
696
712
750
788
816
808
764
713
707
688
687
692
690
700
705
688
706
714
693
696
690
669
682
684
725
805
849
855
897
878
902
923
898
888
816
780
782
772
750
731
721
753
793
849
855
839
853
834
841
810
773
774
847
873
929
967
927
943
941
928
889
889
910
900
916
953
917
970
1002
994
988
1003
1004
964
970
935
878
852
992
985
997
1048
1060
1027
1039
1078
1041
1020
1013
1011
1020
1039
1033
1031
1044
1046
1026
1049
1071
1065
1039
1066
1093
1024
1032
1050
1023
1013
1004
935
878
930
993
988
1026
1058
1081
1017
1028
1048
1050
1011
1002
1007
996
1016
1047
1039
1081
1106
1083
1047
1050
1057
1067
1025
1055
1058
1013
994
958
895
924
974
1026
1041
1014
1026
1045
1055
1056
1050
1017
1054
1090
1063
1038
1029
1047
1065
1014
993
929
868
885
944
965
976
1000
1021
984
950
963
987
985
960
955
982
981
952
963
967
961
942
921
979
930
924
880
826
817
892
980
975
961
985
1000
1007
960
967
986
1002
975
975
1005
970
943
959
995
987
975
983
996
978
955
999
1001
990
1013
983
890
848
893
926
922
931
984
1010
978
961
959
933
963
1002
1006
968
965
1003
1013
973
1030
1068
1020
1004
1039
1061
1015
995
1024
1056
1046
1036
986
892
884
958
1010
1003
989
1001
1016
998
955
958
970
959
931
941
969
983
960
994
1009
1005
956
964
961
936
931
873
817
829
903
933
929
940
953
944
908
903
947
954
922
933
945
961
946
955
964
982
963
983
1010
1041
1017
1001
1014
1020
996
994
1025
1024
970
960
979
1004
998
1016
1032
1041
1002
954
845
823
897
917
906
920
955
967
946
927
949
960
941
915
922
966
966
945
930
887
828
802
838
899
893
916
961
977
946
911
917
922
926
903
921
936
919
915
934
948
923
932
954
953
928
927
970
947
970
951
956
916
847
809
878
934
917
922
953
960
951
940
967
980
933
924
939
945
902
908
943
940
924
921
922
932
902
894
824
785
824
896
955
958
985
997
1008
975
972
993
1000
982
987
1014
1008
998
1000
1031
1032
1008
1021
1049
1076
1018
1010
1029
1028
990
964
975
975
916
919
925
942
911
936
950
980
945
927
903
913
876
892
858
790
762
795
866
911
922
938
964
938
866
939
962
957
916
887
890
903
893
926
953
956
951
956
970
980
950
934
960
977
1009
1009
976
984
1009
1006
970
955
943
862
809
829
907
935
937
978
997
1014
954
943
968
948
919
935
932
946
946
966
1022
1013
983
973
982
997
980
987
1015
1037
1010
981
990
919
840
861
922
956
971
1020
1017
979
936
911
922
915
879
848
874
883
864
898
926
933
907
904
913
912
878
877
900
907
863
840
782
769
802
864
806
831
893
917
941
933
908
925
951
960
961
952
961
993
979
998
968
937
879
875
819
817
900
965
949
972
1017
1017
968
979
991
966
937
948
962
1005
976
978
1042
1026
998
1009
1025
1041
1004
989
1016
1010
985
974
997
1019
1004
994
1023
1000
962
975
987
1000
970
972
995
995
971
961
974
976
941
926
861
819
881
940
954
940
965
968
940
922
952
944
918
892
929
928
922
882
895
913
924
918
952
965
945
915
934
917
909
886
883
905
899
880
873
884
900
873
868
877
870
858
852
836
788
757
788
859
849
878
903
911
895
861
853
872
866
842
847
862
876
849
851
872
893
902
876
887
912
872
877
882
905
885
875
864
801
794
829
851
906
938
954
932
942
955
984
933
904
907
931
889
880
900
927
889
885
924
929
930
918
913
863
797
815
877
876
905
936
966
931
921
963
952
900
880
897
920
874
881
897
949
949
929
944
942
924
923
933
962
918
914
841
805
871
963
946
964
1003
997
995
946
957
1002
1015
1001
994
1013
1032
1011
985
1012
1037
1042
1021
1045
1046
1059
1039
1011
1051
1097
1083
1052
1060
1074
1046
1025
1035
1052
1052
1031
1065
1074
1070
1075
1046
995
988
930
864
868
948
967
971
994
1022
1059
1039
1005
1022
1059
1004
958
958
989
990
956
963
1005
1075
1055
1054
1049
1044
1006
999
981
986
972
986
993
1012
991
993
1010
1017
977
953
970
968
946
943
960
967
953
904
922
951
953
910
889
815
795
875
964
976
982
994
993
934
914
944
919
896
894
903
911
897
886
936
953
935
914
902
825
794
846
928
931
919
951
974
975
941
936
960
955
909
885
941
963
935
896
922
917
878
859
814
774
788
843
911
908
933
983
978
963
945
963
974
971
920
930
966
988
975
951
970
979
951
995
1009
992
964
996
1004
1011
965
980
997
978
976
1006
1035
1016
936
881
812
831
919
949
953
983
1006
1019
990
989
1019
1019
987
923
938
953
953
944
979
989
991
931
932
914
886
813
823
923
938
951
995
1014
1021
982
956
975
985
983
948
950
978
981
941
939
976
1005
1027
1015
1036
1053
1047
1021
1042
1062
1066
1051
1021
1033
1070
1035
1021
1018
1030
1060
1093
776
333
1060
1065
421
316
369
684
1373
588
1130
496
260
985
669
694
3517
377
